pico-8 cartridge // http://www.pico-8.com
version 36
__lua__
px = 1
py = 1
fx = 0.5
fy = 0.5
bsize = 1

print("px:"..px)
print("py:"..py)

function _draw()
  cls(6)
  for x=0,127 do
    for y=0, 63 do
      m = mget(x,y)
      draw_square(x*bsize, y*bsize, bsize, m)
    end
  end

  --draw_square(px*bsize, py*bsize, bsize, 8)
  cast_ray(px, py, fx, fy, 0.1, 17)
end

function cast_ray(px, py, dx, dy, step, dist)
  local t = 0
  while t < dist do
    t = t + step
    x = px + dx * t
    y = py + dy * t
    if mget(x, y) != 0 then
      return mget(x, y)
    else
      pset(x, y, 7)
    end
  end
end


function draw_square(x, y, w, c)
  for i=x,x+w-1 do
    for j=y,y+w-1 do
      pset(i, j, c)
    end
  end
end
__gfx__
00000000111111112222222233333333000000000000000000000000000000000000000000000000000000000000000000000000000000000000000000000000
00000000111111112222222233333333000000000000000000000000000000000000000000000000000000000000000000000000000000000000000000000000
00700700111111112222222233333333000000000000000000000000000000000000000000000000000000000000000000000000000000000000000000000000
00077000111111112222222233333333000000000000000000000000000000000000000000000000000000000000000000000000000000000000000000000000
00077000111111112222222233333333000000000000000000000000000000000000000000000000000000000000000000000000000000000000000000000000
00700700111111112222222233333333000000000000000000000000000000000000000000000000000000000000000000000000000000000000000000000000
00000000111111112222222233333333000000000000000000000000000000000000000000000000000000000000000000000000000000000000000000000000
00000000111111112222222233333333000000000000000000000000000000000000000000000000000000000000000000000000000000000000000000000000
00000000000000000000000000000000000000000000000000000000000000000000000000000000000000000000000000000000000000000000000000000000
00000000000000000000000000000000000000000000000000000000000000000000000000000000000000000000000000000000000000000000000000000000
00000000000000000000000000000000000000000000000000000000000000000000000000000000000000000000000000000000000000000000000000000000
00000000000000000000000000000000000000000000000000000000000000000000000000000000000000000000000000000000000000000000000000000000
00000000000000000000000000000000000000000000000000000000000000000000000000000000000000000000000000000000000000000000000000000000
00000000000000000000000000000000000000000000000000000000000000000000000000000000000000000000000000000000000000000000000000000000
00000000000000000000000000000000000000000000000000000000000000000000000000000000000000000000000000000000000000000000000000000000
00000000000000000000000000000000000000000000000000000000000000000000000000000000000000000000000000000000000000000000000000000000
00000000000000000000000000000000000000000000000000000000000000000000000000000000000000000000000000000000000000000000000000000000
00000000000000000000000000000000000000000000000000000000000000000000000000000000000000000000000000000000000000000000000000000000
00000000000000000000000000000000000000000000000000000000000000000000000000000000000000000000000000000000000000000000000000000000
00000000000000000000000000000000000000000000000000000000000000000000000000000000000000000000000000000000000000000000000000000000
00000000000000000000000000000000000000000000000000000000000000000000000000000000000000000000000000000000000000000000000000000000
00000000000000000000000000000000000000000000000000000000000000000000000000000000000000000000000000000000000000000000000000000000
00000000000000000000000000000000000000000000000000000000000000000000000000000000000000000000000000000000000000000000000000000000
00000000000000000000000000000000000000000000000000000000000000080000000000000000000000000000000000000000000000000000000000000000
00000000000000000000000000000000000000000000000000000000000000000000000000000000000000000000000000000000000000000000000000000000
00000000000000000000000000000000000000000000000000000000000000000000000000000000000000000000000000000000000000000000000000000000
00000000000000000000000000000000000000000000000000000000000000000000000000000000000000000000000000000000000000000000000000000000
00000000000000000000000000000000000000000000000000000000000000000000000000000000000000000000000000000000000000000000000000000000
00000000000000000000000000000000000000000000000000000000000000000000000000000000000000000000000000000000000000000000000000000000
00000000000000000000000000000000000000000000000000000000000000000000000000000000000000000000000000000000000000000000000000000000
00000000000000000000000000000000000000000000000000000000000000000000000000000000000000000000000000000000000000000000000000000000
00000000000000000000000000000000000000000000000000000000000000000000000000000000000000000000000000000000000000000000000000000000
00000000000000000000000000000000000000000000008000000000000080008000080000800000000000000000000000000000000000000000000000000000
00000000000000000000000000000000000000000000000800000000000808808000080008000000000000000000000000000000000000000000000000000000
00000000000000000000000000000000000000000000000080000000000800088000800008000000000000000000000000000000000000000000000000000000
00000000000000000000000000000000000000000000000080000000000800008888000080000000000000000000000000000000000000000000000000000000
00000000000000000000000000000000000000000000000008800000008000080000000800000000000000000000000000000000000000000000000000000000
00000000000000000000000000000000000000000000000000088000008000080000008000000000000000000000000000000000000000000000000000000000
00000000000000000000000000000000000000000000000000000880008000800008880000000000000000000000000000000000000000000000000000000000
00000000000000000000000000000000000000000000000000000008888888888880000000000000000000000000000000000000000000000000000000000000
00000000000000000000000000000000000000000000000000000000008008000000000000000000000000000000000000000000000000000000000000000000
00000000000000000000000000000000000000000000000000000000008880000000000000000000000000000000000000000000000000000000000000000000
__map__
0101010101010101010101010101010101010000000000000000000000000000000000000000000000000000000000000000000000000000000000000000000000000000000000000000000000000000000000000000000000000000000000000000000000000000000000000000000000000000000000000000000000000000
0100000000000000000001000000000100010000000000000000000000000000000000000000000000000000000000000000000000000000000000000000000000000000000000000000000000000000000000000000000000000000000000000000000000000000000000000000000000000000000000000000000000000000
0100000101000001000001000000000100010000000000000000000000000000000000000000000000000000000000000000000000000000000000000000000000000000000000000000000000000000000000000000000000000000000000000000000000000000000000000000000000000000000000000000000000000000
0100000101000001000000000001000100010000000000000000000000000000000000000000000000000000000000000000000000000000000000000000000000000000000000000000000000000000000000000000000000000000000000000000000000000000000000000000000000000000000000000000000000000000
0100000000000000010001000000000000010000000000000000000000000000000000000000000000000000000000000000000000000000000000000000000000000000000000000000000000000000000000000000000000000000000000000000000000000000000000000000000000000000000000000000000000000000
0101000000010000000000000000000000010000000000000000000000000000000000000000000000000000000000000000000000000000000000000000000000000000000000000000000000000000000000000000000000000000000000000000000000000000000000000000000000000000000000000000000000000000
0101000101010101000001000000000100010000000000000000000000000000000000000000000000000000000000000000000000000000000000000000000000000000000000000000000000000000000000000000000000000000000000000000000000000000000000000000000000000000000000000000000000000000
